30 20 40
{
"x" : [0,0,20,20,0,0,20,20],
"y" : [0,20,0,20,0,20,0,20],
"z" : [0,0,0,0,20,20,20,20],
},

{
"x" : [20,20,25,25,20,20,25,25],
"y" : [0,20,0,20,0,20,0,20],
"z" : [0,0,0,0,13,13,13,13],
},

{
"x" : [25,25,30,30,25,25,30,30],
"y" : [0,13,0,13,0,13,0,13],
"z" : [0,0,0,0,10,10,10,10],
},

{
"x" : [25,25,30,30,25,25,30,30],
"y" : [0,13,0,13,0,13,0,13],
"z" : [10,10,10,10,20,20,20,20],
},

{
"x" : [0,0,10,10,0,0,10,10],
"y" : [20,25,20,25,20,25,20,25],
"z" : [0,0,0,0,13,13,13,13],
},

{
"x" : [10,10,20,20,10,10,20,20],
"y" : [20,25,20,25,20,25,20,25],
"z" : [0,0,0,0,13,13,13,13],
},

{
"x" : [20,20,30,30,20,20,30,30],
"y" : [20,25,20,25,20,25,20,25],
"z" : [0,0,0,0,13,13,13,13],
},

{
"x" : [0,0,10,10,0,0,10,10],
"y" : [25,30,25,30,25,30,25,30],
"z" : [0,0,0,0,13,13,13,13],
},

{
"x" : [10,10,20,20,10,10,20,20],
"y" : [25,30,25,30,25,30,25,30],
"z" : [0,0,0,0,13,13,13,13],
},

{
"x" : [20,20,30,30,20,20,30,30],
"y" : [25,30,25,30,25,30,25,30],
"z" : [0,0,0,0,13,13,13,13],
},

{
"x" : [0,0,10,10,0,0,10,10],
"y" : [30,35,30,35,30,35,30,35],
"z" : [0,0,0,0,13,13,13,13],
},

{
"x" : [10,10,20,20,10,10,20,20],
"y" : [30,35,30,35,30,35,30,35],
"z" : [0,0,0,0,13,13,13,13],
},

{
"x" : [20,20,30,30,20,20,30,30],
"y" : [30,35,30,35,30,35,30,35],
"z" : [0,0,0,0,13,13,13,13],
},

{
"x" : [0,0,10,10,0,0,10,10],
"y" : [35,40,35,40,35,40,35,40],
"z" : [0,0,0,0,13,13,13,13],
},

{
"x" : [10,10,20,20,10,10,20,20],
"y" : [35,40,35,40,35,40,35,40],
"z" : [0,0,0,0,13,13,13,13],
},

{
"x" : [20,20,30,30,20,20,30,30],
"y" : [35,40,35,40,35,40,35,40],
"z" : [0,0,0,0,13,13,13,13],
},

{
"x" : [20,20,25,25,20,20,25,25],
"y" : [0,15,0,15,0,15,0,15],
"z" : [13,13,13,13,19,19,19,19],
},

{
"x" : [25,25,30,30,25,25,30,30],
"y" : [13,19,13,19,13,19,13,19],
"z" : [0,0,0,0,15,15,15,15],
},

{
"x" : [0,0,8,8,0,0,8,8],
"y" : [20,25,20,25,20,25,20,25],
"z" : [13,13,13,13,20,20,20,20],
},

{
"x" : [10,10,18,18,10,10,18,18],
"y" : [20,25,20,25,20,25,20,25],
"z" : [13,13,13,13,20,20,20,20],
},

{
"x" : [20,20,28,28,20,20,28,28],
"y" : [20,25,20,25,20,25,20,25],
"z" : [13,13,13,13,20,20,20,20],
},

{
"x" : [0,0,8,8,0,0,8,8],
"y" : [25,30,25,30,25,30,25,30],
"z" : [13,13,13,13,20,20,20,20],
},

{
"x" : [10,10,18,18,10,10,18,18],
"y" : [25,30,25,30,25,30,25,30],
"z" : [13,13,13,13,20,20,20,20],
},

{
"x" : [20,20,28,28,20,20,28,28],
"y" : [25,30,25,30,25,30,25,30],
"z" : [13,13,13,13,20,20,20,20],
},

{
"x" : [0,0,8,8,0,0,8,8],
"y" : [30,35,30,35,30,35,30,35],
"z" : [13,13,13,13,20,20,20,20],
},

{
"x" : [10,10,18,18,10,10,18,18],
"y" : [30,35,30,35,30,35,30,35],
"z" : [13,13,13,13,20,20,20,20],
},

{
"x" : [20,20,28,28,20,20,28,28],
"y" : [30,35,30,35,30,35,30,35],
"z" : [13,13,13,13,20,20,20,20],
},

{
"x" : [0,0,8,8,0,0,8,8],
"y" : [35,40,35,40,35,40,35,40],
"z" : [13,13,13,13,20,20,20,20],
},

{
"x" : [10,10,18,18,10,10,18,18],
"y" : [35,40,35,40,35,40,35,40],
"z" : [13,13,13,13,20,20,20,20],
},

{
"x" : [20,20,28,28,20,20,28,28],
"y" : [35,40,35,40,35,40,35,40],
"z" : [13,13,13,13,20,20,20,20],
},

{
"x" : [20,20,23,23,20,20,23,23],
"y" : [0,5,0,5,0,5,0,5],
"z" : [19,19,19,19,20,20,20,20],
},

{
"x" : [20,20,23,23,20,20,23,23],
"y" : [5,10,5,10,5,10,5,10],
"z" : [19,19,19,19,20,20,20,20],
},

{
"x" : [20,20,23,23,20,20,23,23],
"y" : [10,15,10,15,10,15,10,15],
"z" : [19,19,19,19,20,20,20,20],
},

{
"x" : [20,20,23,23,20,20,23,23],
"y" : [15,20,15,20,15,20,15,20],
"z" : [13,13,13,13,14,14,14,14],
},

{
"x" : [20,20,23,23,20,20,23,23],
"y" : [15,20,15,20,15,20,15,20],
"z" : [14,14,14,14,15,15,15,15],
},

{
"x" : [20,20,23,23,20,20,23,23],
"y" : [15,20,15,20,15,20,15,20],
"z" : [15,15,15,15,16,16,16,16],
},

{
"x" : [20,20,23,23,20,20,23,23],
"y" : [15,20,15,20,15,20,15,20],
"z" : [16,16,16,16,17,17,17,17],
},

{
"x" : [20,20,23,23,20,20,23,23],
"y" : [15,20,15,20,15,20,15,20],
"z" : [17,17,17,17,18,18,18,18],
},

{
"x" : [23,23,25,25,23,23,25,25],
"y" : [0,2,0,2,0,2,0,2],
"z" : [19,19,19,19,20,20,20,20],
},

{
"x" : [23,23,25,25,23,23,25,25],
"y" : [2,4,2,4,2,4,2,4],
"z" : [19,19,19,19,20,20,20,20],
},

{
"x" : [23,23,25,25,23,23,25,25],
"y" : [5,7,5,7,5,7,5,7],
"z" : [19,19,19,19,20,20,20,20],
},

{
"x" : [23,23,25,25,23,23,25,25],
"y" : [7,9,7,9,7,9,7,9],
"z" : [19,19,19,19,20,20,20,20],
},

