30 20 40
0 20 20 20 0 0 0
0 5 13 20 20 0 0
0 5 10 13 25 0 0
0 5 10 13 25 10 0
0 10 13 5 0 0 20
0 10 13 5 10 0 20
0 10 13 5 20 0 20
0 10 13 5 0 0 25
0 10 13 5 10 0 25
0 10 13 5 20 0 25
0 10 13 5 0 0 30
0 10 13 5 10 0 30
0 10 13 5 20 0 30
0 10 13 5 0 0 35
0 10 13 5 10 0 35
0 10 13 5 20 0 35
0 5 6 15 20 13 0
0 5 15 6 25 0 13
0 8 7 5 0 13 20
0 8 7 5 10 13 20
0 8 7 5 20 13 20
0 8 7 5 0 13 25
0 8 7 5 10 13 25
0 8 7 5 20 13 25
0 8 7 5 0 13 30
0 8 7 5 10 13 30
0 8 7 5 20 13 30
0 8 7 5 0 13 35
0 8 7 5 10 13 35
0 8 7 5 20 13 35
0 3 1 5 20 19 0
0 3 1 5 20 19 5
0 3 1 5 20 19 10
0 3 1 5 20 13 15
0 3 1 5 20 14 15
0 3 1 5 20 15 15
0 3 1 5 20 16 15
0 3 1 5 20 17 15
0 2 1 2 23 19 0
0 2 1 2 23 19 2
0 2 1 2 23 19 5
0 2 1 2 23 19 7
